0. 40.625
1. 39.0625
2. 38.80208
3. 36.45833
4. 41.40625
5. 40.10417
6. 36.19792
7. 36.97917
8. 38.02083
9. 35.67708
10. 43.22917
11. 44.53125
12. 37.76042
13. 39.58333
14. 51.5625
15. 40.88542
16. 35.15625
17. 36.71875
18. 34.11458
19. 52.08333
20. 36.71875
21. 36.97917
22. 32.8125
23. 36.71875
24. 32.29167
25. 39.84375
26. 40.625
27. 52.34375
28. 59.63542
29. 36.19792
30. 19.27083
31. 35.67708
32. 33.33333
33. 33.59375
34. 36.45833
35. 46.875
36. 32.8125
37. 52.60417
38. 52.86458
39. 44.79167
40. 40.10417
41. 32.55208
42. 29.94792
43. 30.72917
44. 37.5
45. 40.36458
46. 34.375
47. 35.15625
48. 34.89583
49. 30.72917
50. 31.77083
51. 35.67708
52. 32.29167
53. 42.70833
54. 32.55208
55. 30.20833
56. 30.98958
57. 30.20833
58. 31.25
59. 32.8125
60. 34.11458
61. 33.85417
62. 34.63542
63. 35.67708
64. 28.64583
65. 32.29167
66. 31.25
67. 33.59375
68. 32.29167
69. 34.63542
70. 33.33333
71. 33.59375
72. 37.5
73. 32.8125
74. 40.36458
75. 46.875
76. 35.15625
77. 34.63542
78. 38.28125
79. 32.29167
80. 33.07292
81. 36.45833
82. 30.72917
83. 34.89583
84. 29.6875
85. 38.54167
86. 35.67708
87. 33.07292
88. 30.72917
89. 29.94792
90. 34.375
91. 31.77083
92. 31.51042
93. 32.8125
94. 34.63542
95. 31.77083
96. 35.67708
97. 28.64583
98. 30.98958
99. 29.94792
100. 34.11458
101. 36.45833
102. 34.11458
103. 32.55208
104. 30.46875
105. 31.51042
106. 32.55208
107. 32.29167
108. 33.33333
109. 34.89583
110. 32.03125
111. 32.8125
112. 32.29167
113. 34.11458
114. 36.97917
115. 40.10417
116. 32.8125
117. 35.15625
